Month   Agg Liq.    Innov Liq   Traded Liq
196208	 -0.01753665	  0.00426023	-99
196209	 -0.00407476	  0.01151288	-99
196210	 -0.10421182	 -0.07470525	-99
196211	 -0.01974170	  0.02884837	-99
196212	 -0.00508932	  0.01412051	-99
196301	 -0.05579688	  0.00920771	-99
196302	  0.01440415	  0.02613714	-99
196303	 -0.02345353	 -0.02063897	-99
196304	  0.05413256	  0.07743671	-99
196305	  0.00354149	 -0.01359920	-99
196306	  0.00959259	 -0.00166598	-99
196307	  0.01432622	  0.01965071	-99
196308	  0.03377117	  0.03787560	-99
196309	 -0.00754051	  0.01905062	-99
196310	  0.02680674	  0.03189470	-99
196311	 -0.05313628	 -0.06082809	-99
196312	 -0.02057456	  0.01280226	-99
196401	 -0.07136865	 -0.05479147	-99
196402	 -0.02474947	  0.01294308	-99
196403	  0.03138953	  0.04229404	-99
196404	 -0.04066632	 -0.02841397	-99
196405	 -0.02572531	 -0.00689047	-99
196406	 -0.05656731	 -0.01055898	-99
196407	  0.05819052	  0.05650194	-99
196408	 -0.04851473	 -0.04519402	-99
196409	 -0.00816173	  0.01193667	-99
196410	  0.01293438	  0.03829746	-99
196411	  0.01488576	 -0.00480323	-99
196412	 -0.02673007	 -0.01472880	-99
196501	  0.03792484	  0.06978027	-99
196502	 -0.01642848	  0.02136188	-99
196503	  0.03397015	  0.01675734	-99
196504	  0.02236123	  0.03972012	-99
196505	 -0.01294328	  0.03300190	-99
196506	 -0.16340986	 -0.11316153	-99
196507	 -0.08097770	 -0.04857627	-99
196508	 -0.03474854	  0.07328455	-99
196509	  0.02700284	  0.06280828	-99
196510	  0.00619570	 -0.02584051	-99
196511	  0.04447103	  0.06520830	-99
196512	  0.04087982	  0.02323012	-99
196601	  0.03997342	  0.02051412	-99
196602	  0.03502076	  0.04418150	-99
196603	 -0.06624631	 -0.06641442	-99
196604	  0.02544957	  0.05417618	-99
196605	 -0.12120717	 -0.07857544	-99
196606	 -0.05336572	 -0.01245070	-99
196607	 -0.03300131	  0.00832282	-99
196608	 -0.10666850	 -0.08627307	-99
196609	 -0.08782498	 -0.04493546	-99
196610	 -0.20654128	 -0.08366070	-99
196611	 -0.05410496	  0.05076525	-99
196612	 -0.02167905	  0.04656553	-99
196701	 -0.02740850	  0.01240914	-99
196702	 -0.07258040	  0.01436831	-99
196703	 -0.00863176	  0.03564656	-99
196704	 -0.00152597	  0.01922061	-99
196705	  0.01392227	  0.02350847	-99
196706	 -0.06198466	 -0.04935240	-99
196707	 -0.02837509	  0.01362735	-99
196708	  0.02907304	  0.06992519	-99
196709	  0.02354394	  0.02969300	-99
196710	 -0.03053991	 -0.04287919	-99
196711	 -0.03066846	 -0.01237052	-99
196712	  0.00159134	  0.03365260	-99
196801	 -0.02152331	  0.00197968	 -0.02540564
196802	 -0.03459893	 -0.01953504	  0.02213928
196803	 -0.11694312	 -0.08250522	  0.00838539
196804	  0.02245332	  0.08818328	  0.00504472
196805	 -0.02061391	  0.01031011	 -0.01514423
196806	  0.00822169	  0.03199817	 -0.00026051
196807	 -0.01049623	  0.00776736	 -0.03551518
196808	 -0.02019994	 -0.00913078	  0.00505116
196809	 -0.00870728	  0.01396477	  0.01300449
196810	  0.00660634	  0.02602385	 -0.00071775
196811	 -0.00022576	  0.01509693	 -0.00615564
196812	 -0.02857454	 -0.01131605	  0.01175393
196901	 -0.03378834	 -0.00794171	  0.02260170
196902	 -0.02503033	  0.01099917	  0.05643482
196903	 -0.02256855	  0.00657827	 -0.01703415
196904	 -0.01274491	  0.00884438	  0.01674071
196905	  0.01158629	  0.04559198	  0.00647644
196906	 -0.04735751	 -0.03938518	  0.05729539
196907	 -0.12262451	 -0.09218551	  0.03244715
196908	 -0.08789095	 -0.04529788	 -0.01348752
196909	  0.01326256	  0.09064729	  0.02041740
196910	 -0.06038219	 -0.02545806	 -0.05642570
196911	  0.01656733	  0.03995218	  0.03169597
196912	 -0.01985261	 -0.02553813	  0.02600825
197001	 -0.11018564	 -0.06858877	  0.02194959
197002	 -0.08139629	 -0.00973951	 -0.05988703
197003	 -0.13845301	 -0.06337744	  0.00277473
197004	 -0.09427155	 -0.02874117	  0.03971232
197005	 -0.24058807	 -0.19596152	 -0.07777586
197006	 -0.18762334	 -0.13688645	 -0.03616947
197007	 -0.01379573	  0.06580301	 -0.00137115
197008	 -0.06668893	  0.00812672	  0.00208282
197009	 -0.06687556	 -0.01419595	 -0.01567859
197010	  0.09627156	  0.09683169	 -0.01643634
197011	 -0.05985976	 -0.04729035	 -0.00559368
197012	 -0.07305842	 -0.01638553	  0.04992480
197101	  0.01775836	  0.04357330	 -0.04014598
197102	 -0.06448822	 -0.03776001	 -0.01763190
197103	  0.03170128	  0.06191290	  0.01863740
197104	 -0.00998386	  0.00626690	  0.02572797
197105	 -0.01940864	 -0.02732016	  0.00384779
197106	 -0.04414564	 -0.01306599	 -0.04189905
197107	 -0.10142122	 -0.03319339	 -0.00583513
197108	 -0.04506715	 -0.00689974	  0.02469990
197109	  0.01980991	  0.06086429	  0.00327777
197110	 -0.05637401	 -0.01315097	  0.03220380
197111	 -0.09198767	 -0.03787177	  0.00706075
197112	  0.00850009	  0.04751191	 -0.00224165
197201	 -0.09412266	 -0.08187662	 -0.03669286
197202	 -0.03060037	  0.01659137	  0.00969740
197203	 -0.01137246	  0.02486498	  0.03382246
197204	 -0.00295654	  0.01758648	  0.01401382
197205	 -0.06445359	 -0.04374899	 -0.00251954
197206	  0.00610800	  0.00297586	  0.01461396
197207	 -0.08959187	 -0.06775168	  0.01614596
197208	  0.01435214	  0.02182640	 -0.02701586
197209	 -0.01895737	  0.02571007	 -0.01634573
197210	 -0.03986215	 -0.02399685	 -0.01902972
197211	 -0.01686769	 -0.03279360	 -0.00816412
197212	 -0.07355568	 -0.03635253	  0.00900269
197301	 -0.05781599	 -0.02754881	 -0.01481267
197302	 -0.04853245	  0.02716627	 -0.01084836
197303	 -0.03054217	 -0.01352139	 -0.01272228
197304	 -0.04049684	 -0.01088688	  0.02311953
197305	 -0.11534552	 -0.06485991	 -0.00270427
197306	 -0.20033228	 -0.16492434	 -0.03230874
197307	 -0.09612580	 -0.00847738	  0.00247033
197308	 -0.09691967	 -0.02668860	  0.01591954
197309	 -0.12374937	 -0.00380199	  0.01708394
197310	 -0.05408999	  0.02430749	 -0.04304216
197311	 -0.30250782	 -0.23963280	 -0.02651634
197312	 -0.13258622	 -0.07958411	 -0.01679927
197401	 -0.16222705	 -0.06669846	  0.10075292
197402	 -0.12089040	 -0.05449880	  0.03963822
197403	 -0.00128850	  0.11392643	  0.04361550
197404	 -0.04192028	  0.00132130	  0.02164613
197405	 -0.10176336	 -0.08454731	  0.06053269
197406	 -0.06936954	 -0.06507570	 -0.00694888
197407	 -0.23115673	 -0.13650553	 -0.00457639
197408	 -0.10185960	 -0.06251999	 -0.03129645
197409	 -0.11031084	 -0.06656114	  0.02280320
197410	 -0.08565812	  0.00633700	 -0.07279490
197411	 -0.08357406	  0.03379967	 -0.02532073
197412	 -0.10467737	 -0.04235455	  0.01928950
197501	 -0.11363563	 -0.07663595	  0.10876389
197502	 -0.07571968	  0.01796582	  0.03662677
197503	 -0.13072540	  0.00557771	  0.05969079
197504	  0.00011554	  0.03496651	  0.00217849
197505	 -0.06664547	 -0.01246086	 -0.03349678
197506	  0.02342901	  0.02383599	 -0.01748245
197507	 -0.05962827	 -0.02822246	 -0.00961332
197508	 -0.12755964	 -0.12186747	 -0.00855122
197509	 -0.08967729	 -0.05304710	 -0.01921566
197510	 -0.06496285	  0.02508606	  0.09069118
197511	  0.00741821	  0.02748167	  0.03623193
197512	 -0.02442816	 -0.02147889	 -0.00279676
197601	 -0.06026916	 -0.03509769	  0.01930918
197602	 -0.01850114	  0.05069364	 -0.04225125
197603	 -0.01869402	  0.00794778	 -0.01797504
197604	 -0.02836403	 -0.04863787	 -0.01965143
197605	 -0.09013978	 -0.08760092	 -0.04059278
197606	 -0.06495230	 -0.02370822	 -0.00572528
197607	 -0.09137023	 -0.05418368	 -0.02705599
197608	 -0.01515904	  0.03137199	  0.01794591
197609	 -0.03775239	  0.01703172	 -0.01542257
197610	 -0.08540734	 -0.04497322	  0.00385740
197611	 -0.08199193	 -0.02169902	 -0.02387473
197612	 -0.02567946	  0.05508376	 -0.01240966
197701	 -0.06248706	 -0.04547493	 -0.03064272
197702	 -0.00039705	  0.03565709	 -0.00984019
197703	 -0.05633423	  0.03131420	  0.01079852
197704	 -0.01072185	 -0.01013280	 -0.02492795
197705	 -0.03332456	 -0.01474635	  0.01811865
197706	 -0.00864341	  0.01624045	  0.02199312
197707	 -0.04816932	 -0.01436463	  0.00119646
197708	 -0.04412220	  0.00473917	  0.03132657
197709	 -0.04748178	 -0.02223877	  0.01051654
197710	 -0.03260695	 -0.00229172	 -0.01108198
197711	 -0.01279571	  0.02787026	  0.00253713
197712	  0.02084873	  0.03470644	 -0.00612393
197801	 -0.04222258	 -0.00696314	  0.00672525
197802	 -0.01929822	  0.01258000	  0.00010469
197803	 -0.01049430	  0.00265722	  0.01720571
197804	 -0.00780383	  0.01840967	  0.03084663
197805	  0.01785201	  0.02103554	  0.01378779
197806	  0.01073519	  0.01283467	  0.01089029
197807	 -0.04349239	 -0.03650846	  0.03138675
197808	  0.02096417	  0.03644160	 -0.00088631
197809	 -0.00570674	 -0.01240366	 -0.02730711
197810	 -0.10828928	 -0.10253564	  0.04280582
197811	 -0.07491575	 -0.03132182	 -0.03162120
197812	 -0.03422058	  0.03633616	  0.00199465
197901	 -0.01441439	  0.02436508	 -0.01029938
197902	 -0.03296427	  0.00692534	 -0.02811765
197903	 -0.04381288	  0.02119685	 -0.00695441
197904	  0.00478602	  0.05490693	  0.01849867
197905	 -0.08102735	 -0.04703591	 -0.02188811
197906	 -0.01188102	  0.02330211	 -0.01669465
197907	  0.02263928	  0.06072394	 -0.01719865
197908	  0.01305124	  0.03560709	  0.01475767
197909	 -0.07426784	 -0.06412053	 -0.00978073
197910	 -0.15447257	 -0.10387787	 -0.00030052
197911	 -0.03883258	  0.00830385	 -0.06750272
197912	 -0.00920058	  0.02498792	 -0.01807817
198001	 -0.05958447	 -0.01992410	  0.00013109
198002	 -0.09784091	 -0.04272951	  0.02114945
198003	 -0.14193797	 -0.08642037	  0.02794556
198004	 -0.05117316	 -0.02944458	 -0.01240179
198005	  0.03284126	  0.07878780	 -0.00782060
198006	 -0.01566887	  0.00181756	  0.01010759
198007	 -0.03519602	 -0.01727834	 -0.00569326
198008	  0.00723605	  0.05248061	  0.01373905
198009	 -0.04758752	 -0.01778678	  0.00919783
198010	 -0.01239088	  0.03497360	  0.02758604
198011	 -0.02423485	  0.00276155	  0.03062221
198012	 -0.05639616	 -0.01368942	  0.02748807
198101	 -0.02295500	  0.00380682	  0.03893398
198102	 -0.00758953	  0.00045841	  0.00211983
198103	 -0.02136465	  0.01305917	  0.01393817
198104	 -0.02810852	  0.00988208	 -0.01912218
198105	  0.00737341	  0.02850215	 -0.02798762
198106	  0.00168118	  0.03016749	  0.06094841
198107	 -0.01763500	  0.01043767	 -0.01241394
198108	 -0.07670137	 -0.04405405	 -0.00142182
198109	 -0.15284444	 -0.12027560	  0.09223195
198110	 -0.04551135	 -0.00131825	 -0.02465792
198111	 -0.03161579	 -0.01313996	  0.06060739
198112	 -0.02358720	  0.02643417	  0.00907384
198201	 -0.06997584	 -0.05875611	 -0.01978417
198202	 -0.12230555	 -0.08165997	 -0.01144574
198203	 -0.03094867	  0.00986286	  0.04354018
198204	  0.00482292	  0.04384930	 -0.02399156
198205	 -0.00252187	 -0.00847011	  0.02935751
198206	 -0.01252549	  0.01980092	  0.04970968
198207	  0.01259311	  0.01737505	 -0.01586295
198208	 -0.05756179	 -0.03718701	 -0.00509109
198209	 -0.02623568	  0.02438094	  0.04186289
198210	 -0.04193409	 -0.00641180	 -0.03783243
198211	 -0.00449950	  0.02787999	  0.01049033
198212	  0.00074378	  0.02908209	 -0.03135686
198301	 -0.02964785	  0.00130966	 -0.05475749
198302	  0.00812041	  0.03900716	 -0.03120860
198303	 -0.04766193	 -0.02681557	  0.04017853
198304	 -0.00471343	  0.02499740	  0.03559141
198305	 -0.07871142	 -0.04690172	  0.01816680
198306	 -0.00339973	  0.04810814	  0.00092081
198307	 -0.04793408	 -0.02488961	  0.04384996
198308	 -0.04234025	 -0.01037261	  0.04344734
198309	 -0.02372007	  0.02593158	  0.01391928
198310	  0.03439859	  0.06028563	  0.05772609
198311	  0.01370172	  0.04949880	 -0.07196858
198312	 -0.03358922	  0.01376385	  0.05002490
198401	 -0.02518414	 -0.00580862	  0.06525340
198402	 -0.04222727	 -0.02785671	  0.00521760
198403	 -0.00982163	  0.03021491	  0.00941229
198404	 -0.08444471	 -0.04783221	  0.00409888
198405	  0.00682982	  0.04588402	  0.02360299
198406	 -0.01601648	  0.02438643	 -0.00288699
198407	 -0.02663180	  0.01124325	  0.02081929
198408	  0.00187372	  0.03261035	 -0.03492146
198409	 -0.01898864	  0.01052592	  0.02426426
198410	 -0.02988708	 -0.01141948	 -0.00664306
198411	 -0.00231840	  0.00607849	  0.01563082
198412	 -0.03602564	 -0.00358444	 -0.00023396
198501	 -0.00841324	  0.01664228	 -0.01660344
198502	 -0.01040315	  0.00575777	  0.02277367
198503	  0.00593392	  0.00339921	  0.03882319
198504	  0.01006849	  0.02968025	  0.03804409
198505	  0.00000677	  0.02240364	 -0.00808688
198506	 -0.00496640	 -0.00259739	  0.00855668
198507	 -0.02202200	  0.02301828	 -0.01828073
198508	  0.02641898	  0.03261366	  0.02600935
198509	 -0.01917228	 -0.00909584	  0.01085101
198510	 -0.01874444	 -0.01480385	  0.05068405
198511	 -0.00196966	  0.02679538	  0.00714591
198512	 -0.01579079	  0.02356093	 -0.01941905
198601	 -0.06592515	 -0.03721785	  0.01882153
198602	 -0.00938448	  0.01992839	  0.00280428
198603	  0.00792626	  0.04405100	  0.03946652
198604	  0.02937072	  0.02365303	 -0.00513904
198605	  0.00463582	  0.01866728	  0.02732007
198606	 -0.06956802	 -0.06443195	  0.05863968
198607	 -0.00237977	  0.01892841	 -0.01490146
198608	 -0.02734166	  0.01217406	 -0.02610917
198609	 -0.00466824	 -0.02456268	  0.04365573
198610	  0.03939260	  0.06243723	  0.01596314
198611	  0.01677837	  0.02188727	 -0.03037115
198612	  0.01118096	  0.03231530	 -0.01180831
198701	 -0.02911501	 -0.00985140	 -0.07334350
198702	  0.00529227	  0.02514955	 -0.04018167
198703	 -0.02361702	  0.01660034	 -0.01323575
198704	 -0.12662749	 -0.10956067	 -0.03988962
198705	  0.00544621	  0.03127609	  0.01258425
198706	  0.00750473	  0.05657753	  0.02582911
198707	  0.01877447	 -0.02578796	  0.00803324
198708	 -0.00003515	  0.01217454	 -0.05904169
198709	 -0.04182135	 -0.05534377	  0.00162348
198710	 -0.46169773	 -0.39268927	  0.05431057
198711	 -0.02515845	 -0.07073068	 -0.01692999
198712	 -0.10552480	 -0.02809042	  0.00835925
198801	 -0.11083843	 -0.07583863	  0.04415469
198802	 -0.03348581	  0.06221758	  0.00330430
198803	 -0.03029858	  0.02637721	 -0.01998427
198804	  0.00880543	  0.02876195	 -0.02541647
198805	 -0.06855347	 -0.00171222	 -0.00520483
198806	  0.00688993	  0.01933267	 -0.00962875
198807	  0.01712411	  0.03229522	 -0.00893175
198808	 -0.02484266	  0.02649088	  0.03565788
198809	 -0.02317842	  0.00111598	  0.01488299
198810	 -0.04267395	  0.00297793	  0.02375891
198811	 -0.06681857	 -0.00931725	 -0.00070705
198812	 -0.02431808	  0.00213971	 -0.04442614
198901	  0.01842500	  0.07441023	 -0.00066201
198902	 -0.00261030	  0.01227245	 -0.00370499
198903	  0.00049190	  0.00683067	 -0.01005239
198904	 -0.02148396	 -0.00360202	 -0.01942944
198905	  0.04337706	  0.04803131	 -0.03793897
198906	 -0.00150094	  0.00050057	  0.07322710
198907	  0.01777991	  0.02469981	  0.03174884
198908	 -0.08467239	 -0.05378194	  0.00711113
198909	  0.02786316	  0.01571399	 -0.04838182
198910	 -0.15749531	 -0.11341527	  0.02414736
198911	 -0.00979964	  0.01638802	 -0.02475016
198912	 -0.02131812	  0.00835103	  0.01943802
199001	 -0.02371547	 -0.00601552	 -0.03403647
199002	 -0.00493618	  0.02545627	 -0.02993156
199003	 -0.02227970	  0.03496192	 -0.02618451
199004	  0.00903327	  0.00813897	  0.05838816
199005	  0.01200611	  0.01081232	 -0.00653357
199006	  0.00178264	 -0.00391630	  0.02597323
199007	 -0.02635311	 -0.01622790	  0.05079944
199008	  0.02512102	  0.00356192	  0.04516347
199009	 -0.01568082	  0.05742455	  0.01963880
199010	  0.05201194	  0.04872363	 -0.01307316
199011	  0.02180100	  0.00720201	 -0.01186456
199012	 -0.05574597	 -0.03005000	 -0.03435371
199101	  0.03895971	  0.02249361	 -0.09480416
199102	 -0.02117548	 -0.03830775	 -0.01976099
199103	 -0.02611774	 -0.02536583	 -0.00719494
199104	  0.00646525	  0.04377399	  0.01658207
199105	 -0.00602298	 -0.00006267	 -0.01043347
199106	  0.04170756	  0.04932604	  0.02998807
199107	 -0.00135326	  0.00287164	  0.01557791
199108	 -0.01695233	 -0.02112269	 -0.01699254
199109	 -0.01442521	  0.01618941	  0.01170763
199110	 -0.02169450	  0.01995082	  0.02183811
199111	  0.02615505	 -0.00296858	  0.04312706
199112	 -0.05322488	 -0.07357594	 -0.04932854
199201	 -0.06539798	 -0.04227593	 -0.07748136
199202	 -0.03882487	  0.01188019	 -0.04885885
199203	 -0.03465568	  0.02156560	 -0.00085337
199204	  0.03518324	  0.04550346	 -0.00461487
199205	  0.00132677	  0.05052605	 -0.00157019
199206	  0.06758642	  0.00804843	  0.01939018
199207	 -0.05001814	 -0.05195348	  0.02428208
199208	 -0.00621343	 -0.00201209	  0.04932559
199209	  0.01457686	  0.03270762	 -0.02176638
199210	 -0.05938540	 -0.05414941	 -0.01951491
199211	  0.00064767	  0.03187124	 -0.05071980
199212	  0.00997473	  0.02333135	 -0.03053146
199301	  0.01066849	  0.04052532	 -0.00898190
199302	 -0.03033735	 -0.01025181	  0.06623622
199303	 -0.03524115	 -0.00706513	 -0.03846259
199304	  0.00905305	  0.03761870	 -0.01728532
199305	 -0.01625729	  0.00918761	  0.04146819
199306	 -0.01856489	  0.00934653	 -0.03527159
199307	 -0.01795869	  0.00883167	 -0.01283928
199308	  0.04142405	  0.02522179	  0.01799178
199309	  0.02295099	  0.03645046	 -0.07830297
199310	  0.00044278	  0.01427176	  0.04276914
199311	  0.00701532	  0.02094429	  0.04920888
199312	  0.04816587	  0.02956369	  0.01650241
199401	  0.03945276	  0.06981674	 -0.00248060
199402	 -0.05118445	 -0.03992657	  0.00783604
199403	 -0.01754406	 -0.01090847	  0.02580671
199404	 -0.07560195	 -0.05269315	  0.00559831
199405	 -0.04146914	 -0.00172541	  0.03150225
199406	 -0.07876295	 -0.03634845	 -0.00198332
199407	  0.01170539	  0.06230696	 -0.00750660
199408	 -0.01712680	  0.03498219	  0.00548321
199409	  0.02057847	  0.01569692	  0.03119027
199410	  0.02948730	  0.03165374	  0.00973093
199411	 -0.01550632	 -0.04690194	 -0.02160148
199412	 -0.03463670	 -0.01298256	  0.01930035
199501	  0.02206376	  0.06074538	 -0.03140997
199502	  0.02359710	  0.02392908	 -0.02663006
199503	  0.00997819	 -0.01318745	  0.00982348
199504	  0.03159925	  0.05006098	  0.00352130
199505	  0.00549143	  0.00970296	 -0.01164138
199506	 -0.02606348	 -0.03699037	 -0.00567392
199507	 -0.00492064	  0.01030730	  0.03964738
199508	 -0.00307188	  0.01932789	 -0.02143166
199509	 -0.02972287	 -0.02646718	 -0.07656433
199510	 -0.00932857	  0.00469288	  0.03771907
199511	  0.03077631	  0.05727101	  0.00909125
199512	 -0.06585245	 -0.03063973	 -0.01612119
199601	 -0.02406434	 -0.00920525	  0.02844004
199602	  0.02437703	  0.07089108	  0.00972366
199603	 -0.05198898	 -0.04568257	 -0.01150870
199604	 -0.02575378	  0.01699809	 -0.03253059
199605	  0.01231168	  0.02323355	 -0.01003411
199606	 -0.01043103	 -0.01141240	 -0.04781987
199607	 -0.03805803	 -0.01543578	 -0.03935225
199608	  0.06257344	  0.09047444	  0.00714965
199609	 -0.00120862	 -0.01831788	 -0.03213671
199610	 -0.01304696	 -0.03700623	 -0.02175363
199611	 -0.00762476	 -0.01287471	  0.02343186
199612	  0.01492212	  0.02448737	 -0.02166792
199701	 -0.01805322	  0.04862682	 -0.02445167
199702	  0.00010695	 -0.01784333	 -0.01995632
199703	 -0.00914433	  0.01542272	  0.01638578
199704	  0.01870290	  0.02040793	  0.04514910
199705	  0.02624563	  0.04112931	  0.01443537
199706	 -0.00984361	 -0.00671706	  0.00005618
199707	 -0.00843406	  0.00085949	 -0.00058943
199708	 -0.05685736	 -0.01185292	  0.00094422
199709	 -0.02726881	  0.03278903	 -0.01076099
199710	 -0.17045339	 -0.11047537	  0.02466401
199711	  0.02225625	  0.07162881	  0.03359202
199712	 -0.02601744	  0.02988966	  0.04001086
199801	 -0.04385878	 -0.07349613	  0.02357964
199802	 -0.12011072	 -0.00065785	  0.07538767
199803	 -0.05901035	 -0.00799624	 -0.03254065
199804	  0.04140759	  0.09565266	  0.00497198
199805	  0.00691948	  0.01315258	 -0.00767628
199806	 -0.04217002	 -0.03124441	  0.02194740
199807	 -0.05127160	  0.00528570	  0.00792674
199808	 -0.05158333	  0.01112149	 -0.03482823
199809	 -0.27408101	 -0.25712288	  0.05509535
199810	 -0.04391960	  0.05880409	  0.00950975
199811	  0.04820277	  0.11742467	  0.00163953
199812	 -0.14833407	 -0.10788602	  0.04828456
199901	  0.06342531	  0.06629948	  0.05100621
199902	 -0.08654181	 -0.06341193	  0.02094412
199903	 -0.06150471	 -0.00628188	 -0.00301624
199904	  0.19802355	  0.27847604	  0.08776775
199905	 -0.13408331	 -0.14065244	 -0.00719324
199906	  0.05855012	  0.06122667	  0.04276485
199907	  0.06703473	  0.05392669	 -0.01607323
199908	  0.05135435	 -0.01567142	 -0.00433054
199909	 -0.04828547	 -0.07648436	 -0.03079953
199910	  0.09828173	  0.08283496	  0.09098709
199911	 -0.00169317	 -0.03991520	 -0.01678071
199912	 -0.07442397	 -0.08367758	  0.04495639
200001	 -0.06743720	 -0.04483480	  0.01096611
200002	 -0.04172311	 -0.01319558	  0.00889955
200003	 -0.00618156	  0.11010550	 -0.00154299
200004	 -0.22530357	 -0.21825238	 -0.04316132
200005	  0.06595434	  0.08385485	 -0.02651480
200006	 -0.18106617	 -0.15727814	 -0.03392962
200007	  0.05562614	 -0.06049753	  0.11025636
200008	 -0.07174736	  0.01790968	 -0.00939793
200009	 -0.16872981	 -0.15458351	 -0.03893589
200010	 -0.13664786	 -0.00280674	  0.02337290
200011	 -0.14439405	 -0.12848951	 -0.03671737
200012	  0.09559686	  0.06775413	  0.01130186
200101	 -0.14739081	 -0.05363475	  0.07104908
200102	 -0.05684650	 -0.06298795	  0.03948161
200103	 -0.06035493	  0.02584271	  0.07054952
200104	 -0.06215272	  0.10807173	  0.00700754
200105	  0.10054836	  0.11303359	  0.03163987
200106	  0.01593630	  0.08293481	  0.00361964
200107	 -0.04836669	 -0.00224396	  0.03627468
200108	 -0.05230665	  0.05748775	  0.04915020
200109	 -0.04060099	 -0.12553059	 -0.10044865
200110	  0.06991310	  0.09997532	  0.03494340
200111	  0.02057022	 -0.00966469	  0.03277269
200112	  0.01329669	  0.05239643	  0.06855111
200201	 -0.06933654	 -0.01506557	 -0.01242267
200202	 -0.01014436	 -0.00853910	  0.03759379
200203	  0.06089692	  0.02567111	  0.07805775
200204	 -0.10984668	 -0.03344169	  0.05146454
200205	 -0.03394845	 -0.04458321	  0.05081821
200206	 -0.11584185	 -0.05775062	 -0.00913905
200207	 -0.06592232	  0.00249634	 -0.04580001
200208	 -0.02471742	 -0.00460156	  0.00343014
200209	 -0.17025101	 -0.09225098	  0.00133774
200210	 -0.30762302	 -0.14793740	  0.04117081
200211	 -0.03852698	  0.01567773	  0.01743669
200212	 -0.17765633	 -0.00860844	 -0.01163296
200301	 -0.08552163	 -0.08649022	 -0.02150592
200302	 -0.04021868	 -0.03791977	  0.01167811
200303	 -0.10824941	 -0.06915178	 -0.00145452
200304	 -0.05209150	 -0.00817877	  0.03720867
200305	  0.02654334	  0.02222661	  0.00874597
200306	 -0.01773686	 -0.00200314	 -0.00952407
200307	 -0.03637369	  0.01869331	  0.06800977
200308	 -0.01409055	  0.00109976	  0.04124235
200309	 -0.11151611	 -0.02825667	 -0.00747843
200310	 -0.04081320	  0.01086407	  0.02056621
200311	 -0.05097340	 -0.02275172	  0.00429847
200312	 -0.02134025	  0.04915844	 -0.00323201
200401	 -0.10836096	 -0.01968505	 -0.05251406
200402	 -0.03629706	 -0.05828486	  0.02833066
200403	  0.02709084	  0.07348782	  0.01719833
200404	 -0.05259627	  0.00899788	 -0.00343125
200405	 -0.00584636	 -0.02323248	 -0.00197162
200406	  0.05580165	  0.11045019	  0.02778716
200407	 -0.03592135	 -0.01346793	  0.07163805
200408	  0.00419211	  0.04740494	  0.06458801
200409	 -0.02612415	  0.00126374	 -0.00164037
200410	  0.01505644	  0.01800130	 -0.01536710
200411	 -0.01810987	  0.03128848	  0.01394736
200412	 -0.07001299	 -0.02035910	 -0.03471279
200501	 -0.00561092	  0.01220262	  0.04238401
200502	 -0.05566893	 -0.00296222	  0.05583696
200503	 -0.02000190	  0.00218288	 -0.00300091
200504	 -0.12695313	 -0.09913422	 -0.05295723
200505	  0.00357970	  0.04853573	  0.00014587
200506	  0.00197650	  0.08136236	  0.04271190
200507	  0.02442722	  0.03452037	  0.02728237
200508	  0.04779531	  0.07685519	  0.02995726
200509	 -0.02282613	  0.01932668	  0.03393450
200510	 -0.05176370	  0.00965277	 -0.04393140
200511	  0.08820635	  0.06725559	  0.00550748
200512	 -0.02396660	 -0.07754508	  0.00038138
200601	 -0.05568256	 -0.03881600	  0.03383014
200602	 -0.05908258	 -0.04084131	 -0.03888196
200603	 -0.02457918	  0.01997495	  0.01238598
200604	  0.01282215	  0.02920994	 -0.00666897
200605	 -0.02519272	  0.00831319	  0.02055420
200606	 -0.06745814	 -0.00005654	  0.03208476
200607	  0.00392041	 -0.00098895	  0.05469685
200608	  0.01674504	 -0.02675524	 -0.02801405
200609	 -0.06006415	 -0.04363018	 -0.01752444
200610	  0.03231136	  0.06025872	  0.03803449
200611	 -0.00477928	  0.03913309	  0.02836054
200612	  0.02912667	  0.02146445	 -0.01617033
200701	  0.04338604	  0.01046592	  0.00374934
200702	 -0.00636273	  0.03191048	  0.02497519
200703	 -0.03858859	 -0.02706084	  0.02930273
200704	 -0.01314712	  0.00931892	  0.02008912
200705	  0.02691214	  0.06132226	  0.02737913
200706	  0.06254018	  0.09294811	  0.00797999
200707	 -0.00280120	 -0.01466091	  0.02659782
200708	 -0.15688331	 -0.19570812	 -0.00456816
200709	 -0.04698278	 -0.03190300	  0.03336599
200710	 -0.19141352	 -0.04610780	  0.05507869
200711	 -0.16848869	 -0.02467425	  0.02204191
200712	 -0.04286566	  0.03147835	  0.05044672
200801	 -0.15709411	 -0.05763816	 -0.12618187
200802	  0.07933861	 -0.01639661	  0.03285901
200803	 -0.26874675	 -0.15145681	  0.04109620
200804	  0.06011212	  0.10891242	  0.10808325
200805	 -0.01916144	  0.00353070	  0.07886323
200806	 -0.08686875	 -0.03725865	  0.09676331
200807	 -0.17516923	 -0.07111027	 -0.13496429
200808	 -0.00480399	  0.02608518	  0.01744517
200809	 -0.10135535	 -0.23680005	 -0.13353561
200810	 -0.22933114	 -0.05034040	 -0.08910110
200811	  0.07299935	  0.14838636	 -0.05703577
200812	 -0.30817351	 -0.18852717	 -0.08423703
200901	 -0.04153930	 -0.15312042	  0.07956306
200902	 -0.03539015	  0.03500730	 -0.00349384
200903	 -0.09957398	 -0.03277038	 -0.04510556
200904	 -0.09607496	 -0.04136535	 -0.04577754
200905	 -0.07202845	  0.07363442	  0.01960292
200906	 -0.04054430	  0.02119238	 -0.01331055
200907	  0.07998253	  0.04156732	 -0.01618796
200908	 -0.01591570	 -0.00525085	 -0.05485980
200909	  0.01415541	  0.06161214	  0.06468133
200910	 -0.06076067	 -0.05209905	  0.07777541
200911	 -0.03523350	 -0.01118999	 -0.00261975
200912	  0.13701863	 -0.00078306	  0.02296615
201001	  0.05788092	  0.11378268	 -0.01105698
201002	  0.01458775	  0.03157493	 -0.00755895
201003	  0.01741274	  0.03053079	 -0.06257515
201004	 -0.06437702	 -0.05484737	  0.01020015
201005	 -0.07897659	 -0.01802842	 -0.02806075
201006	 -0.05561637	  0.01636845	  0.00383754
201007	 -0.01799447	  0.00060572	  0.02483923
201008	  0.00024010	  0.02650621	  0.02131701
201009	 -0.03019905	  0.08245388	  0.03255056
201010	 -0.04022331	 -0.05002035	  0.02321111
201011	 -0.01660529	 -0.00469011	  0.02746053
201012	  0.03734654	  0.08693057	  0.03149786
201101	 -0.03439518	 -0.03492196	  0.00609723
201102	 -0.01118413	 -0.01680015	 -0.01049906
201103	 -0.03241480	 -0.01573698	  0.00351695
201104	  0.00998302	  0.02015531	 -0.05805746
201105	  0.01771409	  0.02181424	 -0.02525489
201106	 -0.00862560	  0.02565420	 -0.01982104
201107	 -0.01355186	  0.01472351	  0.00343547
201108	 -0.05098853	 -0.04878878	 -0.03708458
201109	  0.01293392	  0.02980193	 -0.06678206
201110	 -0.04259440	  0.02473393	  0.07716889
201111	 -0.09608036	 -0.02710653	  0.02863557
201112	  0.01012265	  0.05188274	 -0.00892991
201201	  0.01929444	  0.05199569	 -0.02458539
201202	  0.03100358	  0.00793663	  0.02486828
201203	 -0.01914488	 -0.00932980	 -0.05805157
201204	  0.00871881	 -0.01516947	  0.00305302
201205	  0.08349386	 -0.00786395	 -0.00303990
201206	  0.01774705	 -0.00404866	  0.01422094
201207	  0.01630329	  0.09910465	 -0.00496537
201208	 -0.04172850	 -0.02254862	 -0.00469721
201209	  0.04557387	  0.03478693	 -0.02462417
201210	 -0.02180944	 -0.04394010	  0.00269779
201211	 -0.01304722	 -0.05294945	 -0.01661276
201212	  0.01119825	  0.02961287	  0.01757434
201301	  0.01585515	  0.02749092	 -0.02564164
201302	 -0.02505065	 -0.01718445	 -0.00824373
201303	  0.02583926	  0.07193172	  0.00639605
201304	 -0.00685751	 -0.01679780	 -0.01839543
201305	  0.00370257	  0.02026749	  0.00386693
201306	 -0.02855361	  0.01482269	 -0.01316302
201307	 -0.02128044	  0.01060186	  0.00308733
201308	 -0.03568684	  0.01365891	  0.01373695
201309	 -0.02413270	 -0.00739455	 -0.02259624
201310	  0.06905300	  0.10136701	 -0.02143038
201311	 -0.06684186	  0.03543567	 -0.02738001
201312	  0.03024570	  0.02599760	 -0.00261240
201401	 -0.00670812	  0.01811459	  0.03020922
201402	  0.01876362	  0.02318700	 -0.00833639
201403	 -0.00108249	  0.02935595	  0.03075002
201404	 -0.00595369	 -0.00627356	 -0.05019774
201405	 -0.07604790	 -0.03155494	  0.00282337
201406	  0.03531573	  0.08927405	  0.01510531
201407	  0.00959118	  0.02602125	 -0.00351686
201408	 -0.00700054	 -0.00196242	  0.00304132
201409	  0.00941009	  0.02740726	  0.02116621
201410	  0.03163113	  0.04448816	  0.04243696
201411	 -0.04094060	 -0.03003668	  0.00220884
201412	  0.02835775	  0.05771985	  0.02586454
201501	  0.00000045	  0.02148110	 -0.01673274
201502	 -0.00776759	  0.00000725	 -0.00040375
201503	 -0.04323792	 -0.02195244	  0.01157650
201504	 -0.02168402	  0.00602990	 -0.00442564
201505	  0.01912767	  0.00436744	  0.04317894
201506	  0.01125607	  0.00836987	  0.02902583
201507	  0.04048247	  0.03181256	  0.00671139
201508	  0.02574435	  0.06971784	 -0.00737752
201509	 -0.04883700	 -0.07864807	  0.00834450
201510	  0.00806740	  0.10511240	 -0.06896217
201511	 -0.12188370	 -0.03283831	  0.03911356
201512	 -0.08145102	 -0.01204624	 -0.00112737
201601	 -0.08344219	 -0.04288710	 -0.03364568
201602	  0.00319194	  0.03099110	 -0.02872421
201603	 -0.02086384	  0.00370342	 -0.02168916
201604	  0.08322854	  0.09097954	 -0.01045015
201605	 -0.04462363	 -0.05667226	  0.01760053
201606	 -0.01965535	 -0.02838334	 -0.01536882
201607	  0.06304952	  0.01035999	  0.03289641
201608	  0.00842886	 -0.00653432	 -0.00550650
201609	 -0.04123357	 -0.03353433	  0.01149934
201610	  0.10318810	  0.08954133	  0.01174703
201611	 -0.07617042	 -0.00597616	 -0.00283601
201612	  0.00176804	  0.04941428	 -0.01511526
201701	  0.04593225	  0.06792523	  0.02120238
201702	 -0.05743667	 -0.05395266	 -0.02598788
201703	 -0.01058081	 -0.06548579	 -0.03525549
201704	 -0.02999426	  0.00875415	 -0.02146815
201705	  0.10505051	  0.08930119	 -0.03528686
201706	  0.04242771	  0.02180389	  0.03208290
201707	 -0.01941366	  0.01064676	  0.03251108
201708	  0.02982534	  0.06379806	 -0.02417734
201709	  0.05203451	  0.05495846	 -0.01586486
201710	  0.02674841	  0.02923219	 -0.04816146
201711	  0.03464210	  0.01744244	 -0.01579977
201712	  0.03738427	  0.04430019	  0.05079347
201801	 -0.05293457	 -0.01139886	  0.00722208
201802	  0.00316478	  0.02956995	  0.05013740
201803	  0.02888842	  0.08520370	  0.00293469
201804	 -0.07862780	 -0.01242623	  0.00554331
201805	  0.02705336	  0.08590304	  0.07106565
201806	  0.10042700	  0.12620168	 -0.02273261
201807	 -0.02330024	 -0.02509786	 -0.00636274
201808	  0.09291973	  0.04349984	 -0.01533070
201809	 -0.04382566	  0.05528119	  0.00440292
201810	 -0.06898593	 -0.03104259	 -0.06922098
201811	  0.01574058	  0.04187696	  0.02499211
201812	 -0.06385120	 -0.03946946	 -0.00044955
201901	 -0.03148679	 -0.02999068	  0.03219114
201902	  0.06561846	  0.15359483	 -0.00709681
201903	  0.00163278	 -0.00495067	  0.00732318
201904	  0.03701845	  0.05555742	 -0.00229974
201905	 -0.02204523	 -0.02157900	 -0.00669793
201906	 -0.09717417	 -0.06524375	 -0.02874704
201907	  0.07267815	  0.07379657	  0.00423254
201908	  0.04584431	  0.02107933	 -0.00502283
201909	 -0.04788306	 -0.02545880	 -0.05031260
201910	 -0.06796517	  0.00164745	  0.01229999
201911	 -0.04572743	  0.04017830	  0.02145572
201912	 -0.01962092	  0.02275035	 -0.00343878
202001	 -0.04190447	 -0.01540172	  0.01863380
202002	  0.00824284	  0.02672510	  0.04247436
202003	 -0.25802975	 -0.16294422	 -0.10351675
202004	  0.01000256	 -0.02274615	  0.11756431
202005	 -0.05674030	 -0.06928100	  0.07105514
202006	 -0.01227106	  0.02168650	  0.06244999
202007	  0.03426702	  0.07211224	  0.00166466
202008	  0.00383287	 -0.01576458	  0.04377995
202009	 -0.09547794	 -0.11690786	 -0.00484362
202010	 -0.04482834	  0.02902189	  0.04062403
202011	  0.05415954	  0.06773488	  0.02309582
202012	  0.02731808	  0.01400043	  0.05023582
202101	  0.10311356	  0.05563753	 -0.05006758
202102	 -0.02910621	 -0.04967182	  0.02587200
202103	 -0.07655840	 -0.01127711	 -0.07288459
202104	 -0.04612418	 -0.02646881	  0.00307218
202105	 -0.05344781	 -0.00990124	 -0.03238293
202106	 -0.03793944	  0.00300422	  0.03755555
202107	  0.00637912	  0.04006143	 -0.00023740
202108	  0.01241894	  0.03214330	  0.00373615
202109	 -0.01686569	 -0.00648152	 -0.01289893
202110	 -0.00620739	 -0.00803977	  0.01567659
202111	  0.01417013	  0.03095946	 -0.02639884
202112	  0.06056546	  0.07076060	 -0.02345064
202201	 -0.05777302	 -0.04814268	 -0.05142691
202202	 -0.08818981	 -0.07092509	  0.00618930
202203	 -0.07650482	 -0.02420919	 -0.02292880
202204	 -0.16364636	 -0.13474785	 -0.01823260
202205	 -0.02504809	  0.03213160	 -0.07917298
202206	 -0.02351021	  0.08472779	  0.03580986
202207	  0.00891060	  0.07670267	  0.00770679
202208	  0.01574583	  0.01923692	  0.00986511
202209	 -0.00956295	 -0.01431634	  0.06506057
202210	 -0.02378301	 -0.00764331	 -0.08855315
202211	  0.01252667	  0.01101466	 -0.05680048
202212	  0.02034025	  0.04323761	 -0.01742858
